      0/59    0.547G    0.1112   0.02833         0    0.1395        16       640   0.00464    0.5094  0.003858 0.0005011   0.07334   0.02708         0
      1/59     2.66G   0.09773   0.02272         0    0.1204        18       640   0.01301   0.07547  0.005627 0.0009758   0.06578   0.02357         0
      2/59     2.66G   0.09209   0.02005         0    0.1121        15       640   0.04438   0.09434   0.03406  0.004895   0.06173    0.0228         0
      3/59     2.66G   0.08494   0.02025         0    0.1052        15       640   0.07617    0.1132   0.02805  0.004105    0.0572    0.0225         0
      4/59     2.66G   0.07763   0.02019         0   0.09782        15       640   0.03892    0.2264   0.02435   0.00358   0.05315     0.023         0
      5/59     2.66G   0.07197   0.02046         0   0.09243        18       640    0.0424    0.1698   0.02665  0.004926   0.04929   0.02356         0
      6/59     2.66G   0.06573   0.02134         0   0.08708        23       640   0.02177    0.6038   0.01922  0.004588   0.04566   0.02431         0
      7/59     2.66G   0.05923   0.02091         0   0.08014        15       640   0.09658     0.283   0.06925   0.02361   0.04221   0.02436         0
      8/59     2.66G   0.05535   0.02129         0   0.07664        19       640    0.3075    0.3396     0.242    0.1089   0.03846   0.02428         0
      9/59     2.66G   0.05106   0.02158         0   0.07264        15       640    0.4003    0.4528    0.3494   0.09553   0.03635   0.02356         0
     10/59     2.66G   0.05044   0.02026         0    0.0707        21       640    0.6371     0.566    0.5205    0.2983   0.03187   0.02367         0
     11/59     2.66G   0.04705   0.02014         0   0.06719        19       640    0.7651     0.566     0.589    0.3457   0.02957   0.02328         0
     12/59     2.66G   0.04354   0.01869         0   0.06223        14       640    0.6974     0.566    0.5836    0.2926   0.03037   0.02191         0
     13/59     2.66G   0.04376   0.01971         0   0.06347        20       640    0.8806     0.566    0.6731    0.4059   0.02668   0.02183         0
     14/59     2.66G   0.04365     0.019         0   0.06265        19       640    0.7566    0.5279    0.5892    0.1254   0.03142   0.01982         0
     15/59     2.66G   0.03826   0.01798         0   0.05624        21       640     0.829    0.6404    0.7201    0.1687   0.02823   0.02003         0
     16/59     2.66G   0.04115   0.01803         0   0.05918        18       640     0.906    0.5472    0.6897    0.3824   0.02564   0.01942         0
     17/59     2.66G   0.03844   0.01618         0   0.05462        14       640    0.9667    0.5471    0.6955    0.2268   0.02571   0.01886         0
     18/59     2.66G   0.03813   0.01558         0   0.05372        15       640    0.8531     0.566    0.6448    0.1293   0.02937   0.01723         0
     19/59     2.67G   0.04189     0.015         0   0.05689        20       640    0.9452    0.6604    0.7707    0.3573   0.02532   0.01778         0
     20/59     2.67G   0.04127   0.01419         0   0.05547        19       640    0.9266     0.717    0.7879    0.4954   0.02593   0.01695         0
     21/59     2.67G   0.03805   0.01401         0   0.05206        23       640    0.9282    0.7358    0.7893    0.5415   0.02651   0.01575         0
     22/59     2.67G   0.03847   0.01319         0   0.05165        15       640     0.974     0.717    0.8121    0.5586     0.025    0.0161         0
     23/59     2.67G   0.03764   0.01346         0    0.0511        18       640    0.9268    0.7164    0.7819    0.4714    0.0233   0.01547         0
     24/59     2.67G   0.03655   0.01347         0   0.05002        20       640    0.7344    0.7358    0.7543    0.5063   0.02442   0.01466         0
     25/59     2.67G   0.03608    0.0124         0   0.04847        21       640    0.9507    0.7358    0.8372    0.6087   0.02259   0.01428         0
     26/59     2.67G   0.03497   0.01185         0   0.04682        17       640    0.9511    0.7358    0.8787    0.5944   0.02298   0.01385         0
     27/59     2.67G   0.03426    0.0115         0   0.04576        21       640    0.9748    0.7358    0.9165    0.6095   0.02298   0.01329         0
     28/59     2.67G   0.03177   0.01073         0    0.0425        16       640    0.9375     0.566    0.8237    0.4293   0.02318     0.013         0
     29/59     2.67G   0.03175   0.01102         0   0.04277        27       640    0.7805    0.9395    0.9292    0.6227   0.02035    0.0128         0
     30/59     2.67G    0.0289   0.01077         0   0.03967        16       640    0.5427    0.9406    0.7991    0.2207   0.02727   0.01201         0
     31/59     2.67G   0.03896   0.01001         0   0.04897        16       640    0.7846    0.9621     0.931    0.5973   0.02257   0.01165         0
     32/59     2.67G    0.0335   0.01061         0   0.04412        16       640    0.8771    0.9422    0.9645     0.578   0.01957   0.01229         0
     33/59     2.67G   0.03479    0.0103         0   0.04509        20       640    0.7576    0.9433    0.9331     0.595   0.02157   0.01206         0
     34/59     2.67G   0.03004   0.01004         0   0.04009        16       640     0.877     0.942    0.9636    0.6288   0.01929   0.01162         0
     35/59     2.67G   0.02896    0.0101         0   0.03907        15       640    0.8524    0.9804    0.9679    0.6616   0.01968   0.01087         0
     36/59     2.67G   0.02765  0.009783         0   0.03743        16       640    0.9245    0.9237    0.9705    0.6695   0.01825   0.01038         0
     37/59     2.67G   0.02732  0.009227         0   0.03655        15       640    0.9602    0.9245    0.9801    0.6977   0.01993  0.009892         0
     38/59     2.67G   0.02581  0.009061         0   0.03487        17       640    0.9421    0.9245    0.9751    0.5925   0.02071   0.00925         0
     39/59     2.67G   0.02599  0.008616         0    0.0346        19       640    0.9091    0.9434    0.9715    0.5878    0.0198  0.009348         0
     40/59     2.67G   0.02605  0.008529         0   0.03458        22       640    0.9432    0.9434    0.9821     0.703   0.01767   0.00922         0
     41/59     2.67G   0.02531   0.00827         0   0.03358        17       640    0.9444    0.9614     0.986    0.7075     0.016  0.008986         0
     42/59     2.67G    0.0232  0.008409         0   0.03161        17       640    0.9622    0.9615    0.9869    0.7244   0.01688  0.008698         0
     43/59     2.67G   0.02208  0.007864         0   0.02995        18       640    0.9627    0.9811    0.9905     0.749   0.01506  0.008454         0
     44/59     2.67G   0.02283  0.007334         0   0.03017        15       640    0.9455    0.9811    0.9871    0.7254   0.01713  0.008246         0
     45/59     2.67G   0.02269  0.008045         0   0.03074        18       640    0.9996    0.9811    0.9936    0.6989   0.01491  0.008011         0
     46/59     2.67G   0.02006  0.007753         0   0.02781        27       640         1    0.9811    0.9934    0.7243    0.0152  0.007588         0
     47/59     2.67G   0.02053   0.00711         0   0.02764        16       640    0.9999    0.9811    0.9933    0.6705   0.01708  0.007634         0
     48/59     2.67G   0.02081  0.007325         0   0.02813        16       640         1     0.962     0.993    0.7475   0.01453  0.007422         0
     49/59     2.67G   0.02008  0.007175         0   0.02726        17       640         1    0.9811    0.9934    0.7445   0.01452  0.007459         0
     50/59     2.67G   0.01926  0.007013         0   0.02628        15       640     0.963     0.981    0.9899     0.755   0.01412  0.007319         0
     51/59     2.67G   0.01981  0.007531         0   0.02734        21       640    0.9811    0.9807    0.9908    0.7265   0.01629  0.007394         0
     52/59     2.67G   0.01912  0.006758         0   0.02588        16       640    0.9999    0.9811    0.9939    0.7568   0.01354  0.007114         0
     53/59     2.67G   0.01875  0.007089         0   0.02583        23       640         1    0.9811    0.9942    0.7323   0.01417  0.006986         0
     54/59     2.67G   0.01826  0.006935         0    0.0252        18       640    0.9999    0.9811    0.9937    0.7359   0.01376  0.006896         0
     55/59     2.67G    0.0181  0.006751         0   0.02485        19       640    0.9999    0.9811    0.9945    0.6913   0.01583  0.006941         0
     56/59     2.67G   0.01871  0.007092         0    0.0258        15       640         1    0.9811    0.9942    0.7397   0.01395  0.006767         0
     57/59     2.67G   0.01827   0.00682         0   0.02509        17       640         1    0.9811    0.9937    0.7552   0.01362   0.00677         0
     58/59     2.67G   0.01771  0.006609         0   0.02432        15       640         1    0.9811    0.9937     0.792   0.01369  0.006671         0
     59/59     2.67G    0.0181  0.007334         0   0.02544        17       640    0.9999    0.9811    0.9943    0.7683   0.01383  0.006653         0
